Rank	ORB	DRB	TRB	AST	STL	BLK	TOV	PF	PTS	FTPER	FGPER	THRPER	YEAR	CONF	SCHRANK
0	4.9	7.1	12	1.5	1.4	1.8	2.7	2.1	18.8	61.72839506	60	0	4	9	1
0	1.9	7.1	9	3.3	0.7	1	2.2	2.6	19.3	82.05128205	49.34210526	35.71428571	4	9	1
0	2.5	11.4	13.9	0.3	0.8	2.8	1.6	3.2	15.7	69.35483871	63.33333333	0	4	9	1
0	3.2	5.1	8.2	0.6	0.5	1.3	2.5	3.1	15.9	66.12903226	59.5959596	0	4	9	1
0	2.4	7.1	9.5	1.4	0.7	0.4	2.9	3.1	17.7	75.75757576	55.75221239	33.33333333	3	9	1
30	2.3	5.8	8.2	1.1	0.3	2.5	2	2.4	15	71.05263158	58.82352941	66.66666667	4	4	1
0	4.5	6.2	10.6	0.6	0.8	1.4	1.5	3.5	14.8	67.85714286	64.70588235	0	1	9	1
0	3.2	4.7	7.8	0.9	0.6	2.9	2.1	3.5	15.3	62.5	64.36781609	0	4	9	1
0	2.7	4.9	7.6	1.6	0.5	1.3	1.5	2.4	13.6	59.01639344	57.47126437	0	3	9	1
0	3.1	4.5	7.6	1.6	0.6	0.8	2.6	2.6	14.2	61.2244898	56.12244898	40	3	9	1
62	2.2	4.6	6.9	1.2	0.2	1.6	2	3.3	13.9	52.94117647	58.94736842	0	3	3	1
0	3.8	7.7	11.5	0.9	1	0.7	1.3	1.8	13.2	56.41025641	58.5106383	0	4	9	1
0	1.8	4.5	6.2	1	0.7	1.1	2.5	2.8	13	67.5	46.78899083	100	4	9	1
0	3.9	5.7	9.7	1.2	0.5	1.6	1.9	3	13.1	69.44444444	61.62790698	0	4	9	1
0	2.6	7.2	9.8	1.9	0.5	1.3	2.1	2.9	13.2	49.09090909	50.96153846	0	3	9	1
0	2	5.2	7.2	0.6	0.2	2.4	2.2	2.5	12.1	62.5	67.64705882	0	3	9	1
48	2.9	5.5	8.5	1.6	0.8	2	2.1	3	9.9	61.11111111	61.97183099	0	2	1	1
0	3.2	3.3	6.4	0.2	0.5	3.2	1.2	2.7	9.5	47.5	50	0	2	9	1
0	2.8	4	6.8	0.4	0.2	2.4	1.4	3.6	10.5	67.85714286	53.75	0	2	9	1
0	2.2	3.6	5.7	0.8	0.2	2.3	1.5	3	8.1	64	55.93220339	0	4	1	1
0	1.8	4.1	5.9	0.3	0.1	2.3	1.6	2.5	7.4	58.82352941	74.41860465	0	1	8	1
0	2	2.6	4.6	0.9	0.1	2.5	2.2	2.8	7.3	67.74193548	52	0	4	9	1
0	2.8	4.5	7.3	0.5	0.4	3.3	1.3	3.1	5.6	52.63157895	50	0	4	9	1
0	2.4	3.4	5.7	1.2	0.6	2.4	1.2	3	7.3	39.28571429	49.20634921	0	1	6	1
0	1.8	2.8	4.6	0.1	0.3	2.7	0.8	2.6	6.5	78.57142857	67.5	0	3	8	2
0	1.7	3.1	4.8	0.2	0.3	2.5	1.1	2.4	4.9	50	64.51612903	0	2	9	1
0	2.3	2.8	5	0.1	0.3	2	1.3	3.3	4.1	42.85714286	57.14285714	0	3	5	2
0	1.2	1.5	2.7	0.3	0.3	2.2	0.8	2.3	3.8	46.66666667	66.66666667	0	3	2	1
0	1	2.7	3.7	0.7	0.3	2	0.5	1.9	3.2	55.55555556	63.63636364	0	1	9	1
0	2.9	3.3	6.2	0.7	0.6	1.1	1.6	2.6	11.3	61.70212766	65.625	0	1	3	1
0	2.1	4.8	6.9	1.1	0.7	1	1.8	3.4	12.2	64.28571429	62.19512195	25	3	9	1
0	3	3.1	6.2	1	0.4	1.4	1.8	2.9	12.1	67.56756757	60.75949367	0	3	6	1
0	2	4.2	6.2	0.7	0.6	1	1.3	2.9	11.3	70.96774194	53.57142857	0	4	9	1
0	2.5	3.7	6.1	0.4	0.5	1.3	1.5	2.9	11.2	70.73170732	71.18644068	0	4	6	1
0	2.7	3.8	6.5	0.4	0.4	1.4	1.8	3.2	11.5	52.94117647	59.45945946	0	2	3	3
0	2.9	5.4	8.4	0.9	0.7	1.2	1.9	2.4	11.9	67.34693878	48.27586207	40	2	9	1
0	3.1	5	8.2	1.7	0.8	1.1	2.2	2.9	12.4	56.4516129	47.31182796	0	3	9	1
0	2.3	4.6	6.9	0.8	0.5	1.4	2.1	2.6	11.8	49.05660377	54.11764706	0	2	9	1
0	2.4	3.6	6	1.4	0.5	1	2	2.8	11.6	56.66666667	56.32183908	0	3	9	1
0	3.2	5.3	8.5	0.5	0.3	1	0.8	2.8	11.2	73.33333333	59.30232558	0	2	2	3
0	2.5	5.6	8.1	1.8	0.4	1.2	2.6	2.3	12.7	70.96774194	57.14285714	50	4	9	1
0	2	4	6	0.8	0.6	0.8	1.6	2.7	10.6	69.6969697	58.33333333	0	1	9	1
0	2	4	6	1.9	0.6	0.7	2.7	3.3	10.1	60	48.19277108	0	4	9	1
0	2.1	4.1	6.2	1.1	0.3	0.4	1.4	1.9	10.5	73.17073171	48	25	1	9	1
0	1.9	5.3	7.3	1.3	0.5	1.1	2.1	2.9	9.9	61.11111111	48.71794872	0	4	1	1
0	3.6	7	10.6	0.5	0.1	1	2.6	2.4	9.9	56.41025641	58.20895522	0	4	9	1
0	3.3	5.3	8.6	1.1	0.8	1.6	1.1	2.8	8.3	55.81395349	67.44186047	0	4	1	3
0	3	6.9	9.9	0.6	0.4	1.5	2.4	3.1	10.4	57.14285714	52.94117647	0	3	9	1
0	3.1	4.9	7.9	0.5	0.7	1.6	2.1	3.2	8.5	57.44680851	45.3125	0	4	8	1
0	2.7	5.9	8.6	0.8	0.4	1	1.4	3.1	7.6	57.89473684	53.22580645	0	4	1	1
0	2.2	6.3	8.5	0.8	0.4	0.4	1.4	2.2	9	66.66666667	49.29577465	0	3	9	1
0	3.1	5.2	8.3	0.9	0.5	0.3	1.3	2.5	7.6	70.37037037	53.84615385	0	4	4	1
0	2.6	6.7	9.3	0.7	0.3	1.4	1.3	3	9.4	71.11111111	53.44827586	0	4	2	3
0	2.3	3.9	6.2	0.5	0.3	1.6	0.8	2.2	7.5	64.28571429	61.70212766	0	4	9	1
0	1.8	4.9	6.7	1.2	0.3	1	1.6	3.2	8.7	60	53.73134328	0	4	6	1
0	1.9	4.7	6.6	1	0.2	1.4	1.6	3.1	10.4	47.82608696	63.01369863	0	2	9	1
0	3	5.7	8.8	0.8	0.9	0.2	1.6	3.8	7.8	65.51724138	57.69230769	0	3	9	1
0	2.4	4.3	6.7	0.6	0.4	1.3	1.8	3.6	6.3	51.85185185	56.81818182	0	4	9	1
104	1.5	6.7	8.2	2.6	0.8	1.5	1.6	1.7	18.8	78.43137255	54.4	42.30769231	4	4	1
116	3.5	4.9	8.5	1.3	0.8	1.4	2.5	2.1	17.3	50.98039216	65.76576577	0	1	1	3
0	2.4	4	6.5	1.4	0.4	1	2	3.7	13.4	75.51020408	47.05882353	0	4	2	1
0	3.3	5	8.2	2	0.5	0.3	1.5	2.6	14.3	46.66666667	60.3960396	0	4	9	1
0	3.3	8.5	11.8	1.7	1.2	1.8	2	2.7	17.3	76.92307692	46.26865672	0	4	9	1
0	3.7	5.8	9.5	0.5	1.1	1.3	1.6	3.3	13	56.81818182	56.52173913	0	3	9	1
0	3.3	8.5	11.8	1	0.4	2.8	2.1	2.7	11.7	64.44444444	55	0	4	9	1
0	5.9	5.1	11	0.6	0.5	2.6	2.4	2.8	12.1	65.51724138	49.41176471	0	3	7	1
0	3.3	6.8	10.1	0.9	0.7	2.6	2.8	2.9	11.8	70.96774194	46.83544304	0	4	9	1
0	2.8	2.6	5.4	0.2	0.7	2.8	1.6	3.7	9.5	69.44444444	50.72463768	0	2	9	1
0	3.2	4.9	8.1	0.3	0.4	2.5	1.5	3.2	8.5	61.11111111	59.61538462	0	4	9	1
0	1.8	3.2	5	0.4	0.3	2.6	1.3	2.9	7	58.33333333	60.78431373	0	4	9	1
0	1.8	3.4	5.2	1.1	0.9	2.1	1.4	2.7	8.2	65.2173913	46.875	37.5	4	9	1
0	1.8	2.7	4.5	0.7	0.5	2.9	0.9	2.8	5.7	32	52.17391304	0	1	7	1
0	2.4	4.6	7	0.5	1	3.1	1.1	3.2	5.8	51.85185185	45.83333333	0	3	6	1
0	2	3.3	5.4	0.6	0.6	2.1	1.2	3.3	5.4	69.23076923	52.27272727	0	4	9	1
0	2	5	6.9	2.4	0.6	0.6	2	2.5	12.3	76.31578947	61.84210526	0	4	6	1
0	2.4	4.1	6.4	1	0.7	1.2	1.8	1.8	11.1	63.41463415	54.54545455	0	4	8	1
0	1.9	4.9	6.9	1.5	0.6	1.8	1.7	2.6	11.7	75	48.27586207	25	3	4	1
12	3.4	6.1	9.5	0.3	0.6	1.9	2.5	2.7	11.6	62.22222222	55.12820513	16.66666667	4	9	1
0	2.8	4.2	7	1.1	0.8	0.5	1.7	2.5	12	75.92592593	56.52173913	0	4	9	1
0	2.5	4.9	7.4	0.6	0.8	1.5	1.9	2.9	10.8	60.71428571	60	0	4	9	1
0	2.7	5.3	8	0.5	0.5	1.5	1.4	2.6	10.4	60.60606061	53.16455696	0	4	9	1
0	2.3	5.4	7.7	0.6	0.2	0.4	2.1	2.8	12.3	53.48837209	58.13953488	0	4	9	1
0	2.2	4.5	6.8	1.6	1.2	1.9	2.4	3.2	11.2	56.81818182	48.86363636	0	4	9	1
0	2.7	4.7	7.3	0.8	0.1	0.9	1.3	2.3	10.1	53.125	53.84615385	0	3	9	1
0	1.9	5.5	7.4	0.5	0.4	1.4	1.7	2.9	10	70	60	100	4	9	1
0	3.3	5.4	8.7	1.8	0.9	0.6	1.8	2.9	9.9	53.57142857	53.22580645	33.33333333	4	9	1
0	2.7	6.5	9.2	1.8	0.7	1.8	1.8	2.8	8.6	66.66666667	44.87179487	0	3	9	1
0	2.5	3.6	6.1	0.6	0.5	0.9	1.4	2.2	8.8	50	50	0	4	1	2
0	2.9	4.5	7.3	0.4	0.4	0.7	1.5	2.1	8.3	69.56521739	53.06122449	0	4	9	1
0	2.7	4.9	7.6	1	0.3	0.6	2.4	2.5	10.4	62	51.42857143	0	4	9	1
0	3.4	3.5	7	0.1	0.3	1.5	0.8	2.1	5	52.94117647	53.84615385	0	4	9	1
0	2.3	4.5	6.8	0.7	0.5	0.1	1.3	2.3	5.7	66.66666667	50	0	3	9	1
0	2.2	5.3	7.5	1.2	0.9	2.5	2.6	2.6	21.6	74.15730337	49.30555556	33.33333333	4	9	1
0	2.7	6.6	9.3	0.8	1	3	2.1	3.1	20.1	69.56521739	59.68992248	0	4	9	1
0	3.8	7.8	11.6	0.8	0.5	0.2	2.5	3.2	17.2	74.28571429	54.05405405	0	4	9	1
92	1.5	5.7	7.3	1.3	0.5	0.9	2	2.6	16.4	77.77777778	50	41.17647059	4	4	2
0	2.4	6.5	8.9	1.1	0.8	1.5	1.9	2.4	16.1	77.55102041	53.04347826	18.18181818	4	9	1
0	1.9	5.3	7.2	1.1	0.4	0.7	1.6	2.4	14.4	82.5	56.84210526	33.33333333	4	9	1
0	2.5	4.1	6.5	0.9	0.5	3	1.5	3	15.6	66.07142857	55.04587156	0	4	9	1
22	2.1	3.6	5.7	1	0.5	3.1	2.2	2.2	15.3	72.5	47.4137931	42.42424242	4	9	1
0	2.3	6.4	8.7	1.1	0.4	2.7	1.8	2.6	13.3	68.42105263	49.52380952	22.22222222	3	7	1
0	1.4	2.6	4	1.9	0.6	0.5	1.4	3.3	13.2	82.05128205	49	16.66666667	4	9	1
0	2.7	4.6	7.3	0.9	0.8	0.7	2.6	2.8	13.5	70.58823529	50.90909091	0	4	1	1
0	1.9	6.3	8.3	0.9	0.2	1.1	1.9	3.1	14.1	78.125	48.33333333	0	4	7	1
0	2.1	3.4	5.5	1.4	0.4	3.1	1.8	2.4	11.2	67.56756757	44.56521739	29.41176471	2	5	1
0	3.3	4.9	8.2	0.4	0.5	2.2	1.6	2.9	11.2	61.40350877	54.28571429	0	2	5	2
0	2.2	6.1	8.2	0.5	0.4	4	1.5	3	11.5	69.3877551	54.05405405	0	4	2	1
0	2.6	4.2	6.9	0.6	0.4	2.4	1.6	3.4	11.1	62.96296296	61.03896104	0	4	9	1
0	2.5	5.3	7.8	1.5	1.2	2.4	1.5	2.5	10.9	60	57.69230769	0	4	1	2
0	3.6	6	9.7	0.6	0.8	2	2	2.8	12.8	75	55.68181818	0	4	9	1
0	2.7	3.2	5.9	0.7	0.7	3.6	1.4	3.1	10.1	51.11111111	55.71428571	0	4	9	1
0	3.2	6.7	9.9	1.1	0.9	3.6	2.1	3	11.6	70.58823529	56.09756098	0	4	9	1
0	2.7	5.2	7.8	1.4	0.1	3.4	2.1	2.8	10.4	53.84615385	65.625	0	2	9	1
116	2.3	5.8	8.1	1.4	0.9	2.6	2.4	3.4	11.2	68.62745098	62.29508197	0	1	5	3
0	1.8	4.2	6	0.4	0.2	2.3	1.5	3.3	8.2	65.71428571	56.8627451	0	4	2	2
0	2.5	3.5	6	0.4	0.3	2.1	1.1	3.1	6.9	76.92307692	41.42857143	14.28571429	3	4	1
0	2.8	3.2	6	0.4	0.3	2.1	1.4	3.5	6	66.66666667	57.5	0	4	3	1
0	2.1	3.9	6	0.7	0.8	2.6	1.6	3.4	4.2	61.53846154	50	0	4	9	1
0	1.8	3.1	4.9	0.4	0.4	2.1	2.2	3.3	4.5	75	55.17241379	0	4	9	1
0	2	3.3	5.3	0.1	0.2	2.9	0.7	3.1	4.2	64.28571429	45.71428571	0	4	9	1
0	2.6	3.6	6.2	0.8	0.6	1.1	1.3	2.6	11	59.45945946	54.32098765	0	4	3	3
0	1.8	5.4	7.2	3	1	1.8	3	3.5	12.2	71.05263158	58.02469136	0	4	9	1
0	1.8	6.4	8.3	2.4	0.4	1.7	2.3	2.4	11.9	66.66666667	57.33333333	0	4	9	1
0	1.8	6.6	8.3	1.6	0.8	1.2	1.4	3	11.8	71.42857143	46.23655914	30	4	9	1
0	2	5.1	7.1	0.7	0.3	1.7	1.9	2.9	10.4	50	59.70149254	0	2	9	1
0	4.3	6.6	10.9	0.2	0.5	0.8	1.9	3.1	9.6	61.70212766	51.51515152	0	4	9	1
0	2.8	5	7.9	0.9	0.6	0.6	1.9	3.2	11.2	65.11627907	62.68656716	0	4	6	1
0	3.1	5.4	8.5	1.1	0.3	0.9	2.3	2.8	10.1	51.11111111	50.64935065	0	3	9	1
0	1.4	5.3	6.7	1	0.8	0.4	1.8	2.6	9.5	69.6969697	50.70422535	0	4	9	1
0	1.8	5	6.8	0.8	0.7	1.6	1.4	3.4	9.1	69.76744186	40.54054054	0	1	5	1
0	2.2	4	6.3	0.5	0.6	1	1.5	2.6	8.8	60.86956522	45.67901235	0	4	9	1
0	1.6	6	7.7	1.5	0.7	1.7	1.6	2.5	7.4	46.15384615	50	0	4	9	1
0	2.4	4.5	6.9	0.4	0.7	0.8	1.3	2.7	7.9	37.93103448	50.74626866	14.28571429	4	9	1
0	3.4	5.4	8.8	0.6	0.4	0.6	1.3	2.6	6.2	69.44444444	47.36842105	0	4	9	1
0	2.1	4.5	6.6	0.9	0.5	1.9	1	2.8	5	57.89473684	51.28205128	0	3	4	1
0	2.3	5	7.4	1.9	0.3	1.4	2.4	2.9	6.9	39.28571429	45.3125	0	4	9	1
0	2.3	4.5	6.8	0.6	0.3	0.3	1.2	2.7	4.4	71.42857143	42.5	0	4	9	1
0	2.2	4	6.2	0.1	0.2	1	0.3	2.4	3	61.53846154	50	0	3	9	1
34	2.9	8.2	11.1	2.3	0.5	2.4	1.7	2.2	18.7	79.10447761	51.14503817	20	4	9	1
0	3.3	6	9.4	1.2	0.5	1.3	2	2.9	15.5	75	50.94339623	20	4	9	1
0	3.3	6.4	9.7	1.8	0.3	1.2	1.9	2.3	17.1	79.10447761	59	0	4	9	1
44	2.1	6.4	8.5	0.9	0.8	3.9	2	2.1	13.7	71.15384615	58.13953488	0	4	5	3
16	3.3	6.4	9.8	1.3	0.6	0.7	2	2.6	14.2	58.73015873	59.09090909	0	4	7	1
0	1.7	4.7	6.3	1	0.4	0.4	2.2	2.4	15.7	67.74193548	53.33333333	35	4	9	1
0	3.1	4.5	7.6	1.6	1.3	0.6	2.2	2.4	15.6	75	57.27272727	0	4	9	1
0	2.2	5.9	8.1	0.9	0.4	1	2.3	2.6	13.8	76.31578947	48.62385321	40	4	9	1
96	3	4.5	7.5	0.8	0.6	1.1	1.9	2.3	13.1	62.22222222	54.25531915	25	4	1	1
0	3.4	5	8.4	0.8	0.4	1	2	2.2	13	59.45945946	43.69747899	30.76923077	4	9	1
0	1.9	3.2	5	1	0.3	1.1	1.9	2.7	13.7	66.66666667	58.7628866	0	3	9	1
0	2	3	5	2.6	1.2	0.7	2.1	3.2	13.3	72.09302326	40.86956522	31.03448276	4	9	1
112	2.9	5	7.8	1	0.2	2.1	1.6	2.7	11.9	70	54.11764706	0	2	1	1
0	2.5	4.5	7	0.8	0.6	3.7	1.4	2.7	13	63.15789474	64.78873239	100	4	9	1
0	2.5	4.4	6.9	0.9	0.6	2.1	1	1.5	11	70	46.59090909	25	4	4	1
0	2.7	6.9	9.6	1.6	1	2.5	1.9	3	12.7	43.90243902	56.84210526	0	4	9	1
80	3.4	6	9.4	2	1.3	2.5	1.8	2.6	9.8	64.70588235	53.52112676	0	3	6	1
0	2.6	3.7	6.3	0.3	0.4	2.2	1.2	2.1	8.2	50	63.46153846	0	2	9	1
98	2.8	3.5	6.3	0.6	0.7	2	1.1	1.6	7.2	45.45454545	56.36363636	0	1	6	1
0	2.1	2.6	4.7	0.2	0.2	2.6	0.9	3.4	5.1	69.56521739	45.94594595	0	4	6	1
0	0.5	3.8	4.3	0.3	0.3	2.1	1.4	2	5.8	68.75	56.09756098	0	2	9	1
0	2.2	2.9	5.1	0.5	0.5	2.2	1	2.2	6.9	50	51.72413793	0	4	9	1
0	1.7	3.1	4.9	0.5	0.4	2.3	1	2.5	4.8	53.33333333	52.63157895	0	4	9	1
0	0.7	2.2	2.9	0.1	0.3	2	0.6	2.5	4.5	50	70	0	2	9	1
0	1.6	5.2	6.8	0.8	0.4	1.3	1.8	2.4	12.9	67.64705882	47.47474747	35.13513514	4	1	1
0	1.9	4.1	6.1	1.4	0.6	0.5	1.2	2.9	11.3	70.21276596	49.33333333	31.25	4	9	1
0	2	4.8	6.8	0.7	0.3	1.5	1.6	1.8	11.9	85.71428571	54.34782609	100	4	2	1
0	1.6	4.5	6.1	1.9	0.7	0.9	2.7	3.2	12.3	68.18181818	56.09756098	0	3	9	1
0	2.2	4.4	6.6	1.6	1.1	0.1	1.5	1.9	9.9	69.23076923	50.70422535	0	4	4	2
0	2.4	4.1	6.4	3.4	1.1	0.3	2.5	2.1	11	55.55555556	49.47368421	0	4	2	1
0	2.3	4.4	6.6	0.4	0.6	1.7	1.3	2.6	9.7	64.51612903	65.51724138	0	4	9	1
0	2.6	5.2	7.8	1	0.4	0.5	2.4	3	11.5	70	53.08641975	0	1	9	1
0	2.7	5.1	7.8	0.9	0.6	0.6	1.6	2.2	9.9	77.77777778	48.64864865	0	4	6	1
0	3.3	5.8	9.1	0.3	0.5	1.2	1.7	2.2	8.9	44.44444444	56.06060606	0	4	2	2
0	2.7	3.6	6.3	1.1	0.4	0.3	1.8	2.8	9.3	46.15384615	56.94444444	0	4	9	1
0	1.9	4.3	6.2	1.6	1.1	1.8	2.4	3.3	9.3	67.85714286	50	40	2	9	1
0	2.3	4.2	6.6	0.8	0.5	1.2	2.1	3	8.8	66.66666667	48	0	4	3	1
0	1.9	4.4	6.3	0.9	0.8	1.4	1.2	2.6	9.1	60	53.52112676	0	3	9	1
0	2.9	4.4	7.3	0.3	0.3	1.2	1.3	2.5	6.9	52.38095238	52.72727273	0	5	9	1
0	2.3	3.7	6	0.5	0.4	1.1	1.1	2.9	5.9	55	47.05882353	0	2	9	1
0	2.4	4.9	7.3	0.1	0.4	1.7	0.9	2.9	6.5	65.38461538	50	0	4	9	1
0	2.2	4.8	7	0.9	0.8	1.8	1.4	1.8	6.2	75	48.88888889	33.33333333	3	9	1
0	3	4.3	7.3	0.6	0.7	1.9	1.4	2.5	5.7	51.28205128	46.15384615	0	4	9	1
0	2.2	4.8	7	0.8	0.4	0.9	2.2	2.2	6.7	69.6969697	37.93103448	0	4	1	1
0	2.5	6.7	9.2	1.3	1	0.9	2.3	3.2	19.4	70	50.96774194	29.16666667	4	9	1
24	3.2	7.2	10.3	1.4	0.7	2.7	2.6	3.3	15.9	69.35483871	57.57575758	22.22222222	4	9	1
0	2.7	6.1	8.8	1.8	1.1	0.4	2.9	3.3	16.9	65.11627907	53.84615385	25	4	9	1
0	2.5	5.1	7.6	1.2	1.2	1.2	3.1	3.2	15.8	78.84615385	51.37614679	29.41176471	3	9	1
0	2.6	4.7	7.4	1.6	1.6	0.8	2.5	3.1	13.1	73.80952381	39.47368421	30.55555556	4	9	1
100	2.3	5.9	8.2	1.3	0.5	1.9	2.1	2.9	13.6	72.5	58.24175824	0	2	4	1
0	1.2	2.6	3.8	1.3	0.5	0.4	2.4	3	14.4	73.80952381	50	42.22222222	2	9	1
0	1.9	6.1	8	1.1	0.4	1	2.1	2.6	13.3	82.85714286	53.76344086	30	4	9	1
0	3.4	6.1	9.5	0.9	1.4	3.9	1.2	2.6	11.7	46.55172414	60.81081081	0	4	9	1
104	3.4	4.2	7.6	0.4	0.8	2.7	1.5	2.2	10	30.76923077	53.48837209	0	1	6	2
0	1.5	3.4	4.9	0.8	0.4	2.4	2.2	2.6	9.5	50	56.25	0	3	9	1
62	2.4	3.5	5.9	0.3	0.4	2	2.2	3.2	10.1	60.37735849	53.96825397	0	4	3	1
78	2.7	3.2	5.8	0.7	0.5	2.9	1.4	2.8	7.8	65	56.89655172	0	2	6	2
0	1.8	3.2	5	0.4	0.5	2.3	1.3	3.2	6.5	72	52.17391304	0	4	9	1
0	2.3	4.8	7.1	0.4	0.3	2.5	1.1	2.7	7.4	65	38.46153846	0	3	9	1
0	3	5	8	0.4	0.6	2.4	1	3.3	5.4	41.66666667	56.81818182	0	4	9	1
0	1.8	4.8	6.5	1	0.5	3.3	1.7	2.4	4.5	66.66666667	42.10526316	25	4	9	1
0	1.4	3.2	4.6	0.6	0.4	2.6	1.2	1.1	4.2	80	47.5	0	4	1	2
0	1.8	4.2	6	3.5	0.6	1.4	2.8	2.7	11.6	70.58823529	45.97701149	0	4	6	1
32	3.3	3.9	7.2	0.9	0.8	1.3	1.7	2.5	12.9	76.19047619	49.48453608	25	3	3	2
2	2	4.3	6.3	0.7	0.4	1.4	1.8	2.2	11.6	75	50.72463768	0	4	9	1
0	2	4.1	6.1	1.1	0.3	1.1	1.9	2.1	10.2	56.25	51.2195122	0	4	9	1
0	2.7	6	8.6	1	0.4	1	1.5	2.4	10.4	62.06896552	46.34146341	45	4	9	1
0	2.5	4.7	7.2	1.1	0.3	0.8	1.6	2.7	10	65.38461538	58.57142857	0	3	9	1
0	2.8	3.7	6.5	0.8	0.7	1.1	1.6	3.1	8.1	54.54545455	57.14285714	0	4	9	1
0	3	4	7	0.7	0.7	1.3	1.1	2.9	10.8	60.71428571	61.33333333	0	4	9	1
0	1.8	4.3	6.1	0.6	0.3	0.8	1.8	2.9	9.2	50	68.42105263	0	2	9	1
0	2.7	4.6	7.3	0.4	0.4	0.8	1.8	2.2	9.2	64.51612903	48.64864865	0	2	9	1
0	1.7	5.2	7	2	0.9	0.9	2.4	2.2	9.2	78.26086957	49.23076923	39.13043478	3	9	1
0	3.9	4.9	8.8	0.9	0.4	1.6	2	2.7	11.8	60.41666667	60.81081081	0	4	9	1
0	2.2	5.1	7.4	1.5	0.8	1.6	2.1	3.4	7.9	52	60	0	4	9	1
0	2	4.4	6.3	0.6	0.5	1.8	1.7	3	8.1	58.53658537	51.85185185	0	2	9	1
0	2.6	3.7	6.3	0.8	0.5	1.1	1.7	2.5	7.1	48.48484848	54	0	4	9	1
0	2.7	3.9	6.6	0.8	0.4	0.6	1.9	3.2	7.6	60.86956522	64.58333333	0	4	9	1
0	2.4	3.7	6	0.5	0.3	1.3	1.3	2.2	6.8	60	44.82758621	0	4	9	1
0	2.7	4.5	7.2	1.1	1	0.5	2.2	2.9	6.2	61.11111111	46.42857143	0	4	9	1
0	2.5	3.8	6.3	0.3	0.4	0.7	2.5	3.4	8.9	57.14285714	41.25	0	4	9	1
42	2.2	3.2	5.4	0.4	0.5	1.6	1.5	2.3	12.5	76.31578947	57.14285714	0	1	4	1
0	2	3.8	5.8	1	0.5	0.9	1.7	2.8	11.9	69.23076923	68.18181818	25	1	4	1
0	1.8	3.7	5.5	0.7	0.2	1.3	1.8	2.7	12.1	67.5	58.02469136	0	4	9	1
0	1.3	3.7	5	0.7	0.4	1.5	1.2	1.7	9.9	62.85714286	44.18604651	0	2	9	1
0	1.1	4.4	5.5	0.8	0.3	0.3	1.7	2	8.6	72.72727273	46.875	47.36842105	3	6	1
0	2	3.9	5.9	0.3	0.6	1.3	1	2.7	6.6	69.23076923	54.90196078	50	3	9	1
0	1.7	3.4	5.1	0.2	0.3	1.2	1.2	2.8	6.5	73.91304348	52.17391304	0	2	4	1
0	1.8	3.2	5	1	0.4	0.9	0.9	2.8	6.8	73.33333333	44.82758621	33.33333333	4	9	1
0	1.5	4.3	5.8	0.6	0.2	1.3	1.6	3.3	6.4	53.84615385	59.52380952	0	3	9	1
0	2.1	3.6	5.7	0.3	0.2	1.2	1.4	3.1	6.6	73.33333333	65.11627907	0	3	7	1
0	1.8	3.8	5.6	0.5	0.2	1.7	1.3	2.9	6.1	66.66666667	61.36363636	0	1	9	1
0	2.1	3.1	5.2	0.6	0.1	0.4	1	1.8	5.6	56	58.33333333	0	2	9	1
0	1.8	3.3	5.1	0.8	0.3	0.6	1	2.7	6.3	52.94117647	52.94117647	0	3	9	1
0	1.8	3.4	5.2	0.2	0.3	1	0.8	2.9	5.6	60.86956522	60	0	4	9	1
0	2.2	3.4	5.6	0.3	0.4	1.3	0.8	2.3	5.2	63.63636364	59.45945946	0	2	8	1
0	1.9	3.3	5.2	0.3	0.6	0.6	0.9	2.8	5.3	65	62.5	0	3	1	1
0	1.6	3.5	5.1	0.4	0.2	1	1.2	2.7	4.8	66.66666667	51.42857143	0	2	4	1
0	1.9	3.2	5.1	0.5	0.1	1.4	0.9	3.1	5.3	73.68421053	50	0	3	9	1
0	2.1	3.3	5.3	0.3	0.5	0.3	0.8	2.3	2.8	57.14285714	33.33333333	0	4	9	1
0	1.7	3	4.7	0.3	0.1	1.9	1.4	2.8	8	51.72413793	56.14035088	0	3	9	1
0	1.8	2.6	4.4	0.4	0.6	1.7	1.1	2.7	6.1	68	57.89473684	0	4	1	1
0	1.5	2.1	3.6	0.3	0.5	1.5	1	3.3	3.8	47.05882353	45.45454545	0	1	4	1
0	1.4	2	3.5	0.4	0.3	1.6	0.7	3	2.8	53.84615385	55	0	4	4	1
0	2.5	3.2	5.8	1.2	1	0.7	2	3.5	10.8	63.63636364	62.5	0	4	6	1
0	2	3.3	5.3	0.6	0.6	0.5	1.9	2.8	11.6	73.33333333	47.91666667	33.33333333	4	9	1
0	1.8	3.2	5	1	0.6	0.9	2	2.6	10	64.28571429	50.61728395	0	4	9	1
0	2.7	3.3	6	0.8	0.7	1.2	1.7	2.6	8.4	64.28571429	49.23076923	25	4	9	1
0	1.8	4	5.8	0.4	0.4	0.9	2.5	2	8.5	69.6969697	56.36363636	0	2	9	1
0	1.9	3.1	5.1	0.4	0.3	0.6	0.8	1.9	6.9	73.68421053	50.94339623	0	3	1	1
0	2.2	3.4	5.6	0.5	0.5	0.8	0.8	3.2	8.8	60.86956522	67.27272727	0	4	9	1
0	1.8	3.6	5.4	0.4	0.4	0.8	1.3	2.7	6.7	75	60.46511628	0	4	9	1
0	1.8	3.6	5.4	0.4	0.3	0.7	1.6	2.1	6.7	65.2173913	57.77777778	0	2	9	1
0	2.4	2.9	5.3	0.2	0.5	1.7	1.5	3.7	6.4	57.14285714	53.33333333	0	4	9	1
0	2.3	3.3	5.5	2	0.3	0.7	2.1	2.3	7	62.06896552	42.37288136	16.66666667	4	9	1
0	1.6	3.6	5.3	0.6	0.3	0.7	1.9	2.2	6	62.5	54.54545455	25	5	9	1
0	1.7	3.9	5.6	1.5	0.8	0.7	1.3	3.2	5.3	41.66666667	50	33.33333333	3	9	1
0	1.4	3.6	5	0.1	0.1	1.3	1.5	2.9	4.6	45	47.5	0	3	9	1
0	2.2	3	5.2	0.4	0.3	0.2	1.5	3.2	4.2	50	54.83870968	0	4	9	1
0	2.2	2.6	4.8	0.4	0.3	1.6	1.1	2.7	8.1	74.28571429	51.92307692	0	4	4	1
0	1.6	3.1	4.7	0.3	0.7	1.6	1	2.2	6.4	64.28571429	65.71428571	0	4	4	1
0	2.5	5.6	8.2	0.5	0.4	4.5	1.3	2.1	10.9	43.18181818	59.21052632	0	2	2	2
0	1.2	1.9	3.1	0.3	0.3	1.7	1	2.8	5.2	68.18181818	58.06451613	0	1	9	1
0	2.3	2.6	4.9	0.2	0.2	1.9	1	2.1	2.7	55.55555556	47.82608696	0	4	9	1
0	1.8	3.6	5.4	0.8	0.4	1.5	1.7	3.8	8.9	60.71428571	59.01639344	0	4	9	1
0	2.2	3	5.2	0.6	0.6	0.1	1.1	2.1	8	54.16666667	58.92857143	0	4	9	1
0	1.5	4	5.6	0.9	0.7	0.4	1	2.9	8.5	52	60	0	4	9	1
0	1.7	3.3	5	0.4	0.5	1.3	1.2	2.8	7.1	86.95652174	59.52380952	0	2	9	1
0	1.8	3.9	5.7	0.9	0.3	0.4	2	3	7.7	54.54545455	61.53846154	0	4	9	1
0	2.3	3.5	5.8	0.5	1.1	1.5	1	2.8	4.1	35.29411765	50	0	4	9	1
0	1.3	3.4	4.7	0.7	0.5	1.8	1.5	2.8	11.5	70	59.49367089	0	4	9	1
0	2.1	2.7	4.7	0.7	0.4	1.7	1.2	3.3	3.8	45.45454545	50	0	3	9	1
24	1.6	3.9	5.5	1.4	0.6	0.7	1.4	2.8	12.2	78.57142857	52.27272727	45.45454545	4	3	3
0	1.6	3.8	5.5	2.1	0.9	0.9	2.2	3.6	10.5	72.34042553	44.30379747	0	4	9	1
0	1.4	4.1	5.5	1.2	1.2	0.9	1.4	3.7	10	72.22222222	42.52873563	34.28571429	4	9	1
0	1.6	3.5	5.1	0.3	0.4	0.5	1.6	2.8	8.3	67.56756757	43.93939394	0	2	9	1
0	1.7	4.3	6	0.9	0.2	1.9	1.6	2.5	6.8	62.96296296	40.625	0	3	9	1
0	2.1	3	5.1	0.5	0.7	0.3	1.2	2.3	6.1	54.54545455	50	0	1	9	1
0	1.9	3.5	5.4	0.3	0.2	0.9	1.2	1.8	5.7	75	60	0	3	9	1
0	2.1	3.5	5.6	0.6	0.2	1.7	1.4	2.6	6	36	51.02040816	0	4	9	1
0	2.6	3.3	5.9	0.2	0.7	1.2	1.3	3.1	5.2	62.06896552	43.58974359	0	3	9	1
0	1.9	3.3	5.2	0.4	0.5	0.2	0.6	2.2	5.1	53.84615385	62.85714286	0	4	7	1
0	2.2	2.9	5.1	0.3	0.8	1	1	3.4	5.6	42.85714286	48.07692308	0	4	9	1
0	2.1	3.7	5.8	0.3	0.2	1.1	0.9	2.8	2.8	50	59.09090909	0	4	5	1
0	2.1	2.8	4.9	0.2	0.4	1.8	0.8	2	6.5	47.82608696	57.44680851	0	4	1	1
0	1.9	2.8	4.7	0.3	0.4	1.9	0.7	2.3	4.6	30.43478261	57.14285714	0	3	9	1
0	1.5	2.9	4.4	1.4	0.7	1.8	1.8	3	8.6	59.09090909	45.83333333	36.84210526	4	9	1
0	2.1	3.6	5.7	0.3	0.3	1.6	1	3.1	7.4	80.76923077	50	0	4	5	2
0	1.4	2.2	3.5	0.6	0.3	1.5	1.4	2.2	6.8	57.14285714	54.16666667	0	3	2	1
0	2.7	6.1	8.8	0.9	0.1	2.1	1.6	2.7	9	57.89473684	51.31578947	0	5	9	1
0	1.6	2.8	4.3	0.6	0.4	1.9	1.5	2	8.6	65.2173913	47.36842105	0	3	4	1
0	1	2.2	3.3	0.4	0.1	1.6	0.5	1.8	3.1	57.14285714	50	0	4	9	1
0	1.5	2.1	3.6	0.1	0.5	1.8	0.5	1.6	2.2	33.33333333	50	0	2	9	1
0	2.2	3.6	5.8	0.9	1.2	0.7	1.6	2.4	11.6	61.76470588	57.14285714	0	4	2	1
0	1.9	3.5	5.4	0.8	0.5	0.8	2	2.4	12.4	68.75	47.36842105	0	4	9	1
0	1.5	3.5	5	0.4	0.4	0.7	1.1	2.5	10.2	76.19047619	54.6875	0	4	9	1
0	2.8	3.1	5.8	0.5	0.3	1.1	1.7	2.5	9.9	50.87719298	60.34482759	0	4	9	1
0	2.1	3.5	5.6	0.5	0.5	0.5	1.3	2.8	9.6	67.56756757	53.73134328	0	4	9	1
0	2.9	3	5.9	0.8	0.5	0.2	1.9	3.1	9	81.48148148	53.96825397	0	3	9	1
0	1.4	3.7	5.1	1.3	0.3	0.2	1.9	2.6	7.7	81.25	47.27272727	0	2	9	1
0	2.1	3.3	5.4	0.9	0.5	1.3	1.5	3	7.2	80	51.85185185	0	3	9	1
0	2.2	3.6	5.8	0.6	0.5	0.6	1.4	2.7	4.6	47.36842105	42.22222222	0	4	9	1
0	2.1	3.3	5.3	0.7	0.6	0.7	0.7	2.6	4.4	33.33333333	58.82352941	0	3	9	1
0	1.7	3.7	5.4	0.8	0.5	0.5	1	3.1	4.1	57.89473684	41.66666667	0	4	9	1
